18
0.2959187319335924 0.3209203039428925
0.38448076447042516 0.385557334575172
0.29191119663128155 0.2537639571792461
0.3839764319554877 0.2531699702120917
0.21457318605888797 0.2159000555668693
0.29627042627966236 0.19320511709099843
0.37277988943933235 0.09730219130115239
0.31028875986034296 0.08029533543882584
0.4111861310520143 0.09994533465957628
0.488442100841726 0.16978914493848246
0.5957920512519094 0.23517957987238335
0.5275362715556607 0.29265476018016625
0.4284962133540804 0.3279317006772094
0.5746828584106425 0.3211057192175832
0.7082690902388462 0.3579473841463477
0.6497342341904027 0.2975437420691861
0.7519477532327047 0.28530083869753147
0.7170738027070583 0.1731500661186321
0.0083
